0.084812 116
1.098649 1
0.201332 1
0.107130 1
0.181363 1
0.250469 1
0.148017 1
0.184879 1
0.238961 1
0.262620 1
0.103402 1
0.289085 2
0.007077 69
0.000082 94
0.000163 429
0.001310 116
1.459576 1
0.224794 1
0.153491 1
0.183270 1
0.457542 1
0.147969 1
0.198750 1
0.163650 1
0.194451 1
0.230909 1
0.150033 1
0.904687 1
0.197019 1
1.008605 4
0.426637 1
0.183278 1
0.621409 1
0.769658 1
0.541941 1
0.195894 1
0.146070 1
0.163993 1
0.469942 4
0.182187 4
0.779973 4
0.512239 1
0.205046 1
0.250227 1
0.175487 1
0.094909 1
2.101810 1
0.391649 1
0.169251 1
0.120671 1
0.587243 1
0.110564 1
0.187782 1
0.127816 1
0.376544 1
0.163837 1
0.764129 1
0.163239 1
0.231064 1
1.587426 1
0.120771 1
0.171773 1
0.122864 1
0.207802 1
0.142079 1
0.308254 1
0.209665 1
0.116303 1
0.163573 1
0.114351 1
0.167962 1
0.384404 1
0.166371 1
0.089242 1
0.208499 1
0.211246 1
0.118028 1
0.472677 1
0.123524 1
0.108550 1
0.439079 1
0.107962 1
0.185441 1
0.160995 1
0.839716 3
0.853920 633
0.160619 4
1.406476 1
0.183508 3
0.392529 1
2.541189 2
0.007646 69
0.000074 523
0.001618 116
11.534075 120
0.058624 120
0.067123 120
0.066379 120
0.058842 120
0.075798 120
0.181801 120
7.570121 1
0.265443 1
0.144793 1
0.240179 1
0.460545 1
0.333492 1
0.195225 1
2.964546 1
0.290940 1
0.156224 1
3.306572 8
0.000444 8
0.000276 6
0.000216 13
0.000266 8
0.001028 8
0.000273 6
0.000350 4
0.000297 4
4.539212 4
0.730087 4
0.519371 4
0.033686 4
0.033211 4
0.034212 4
0.035417 4
0.034024 4
0.032785 4
0.034037 4
0.034684 4
0.040094 4
0.026492 4
0.034505 4
0.034302 4
0.036339 4
0.032713 4
0.033222 4
0.034000 4
0.035362 4
0.034226 4
0.035865 4
0.032307 4
0.034584 4
0.034019 4
0.034194 4
0.034374 4
0.034564 4
0.033830 4
0.034600 4
0.032333 4
0.035153 4
0.035234 4
0.034095 4
0.033452 4
0.035131 4
0.034585 4
0.033898 4
0.034803 4
0.035773 4
0.033478 4
0.035492 4
0.032657 4
0.033886 4
0.033983 4
0.033748 4
0.034172 4
0.034322 4
0.034914 4
0.033957 4
0.034415 4
0.034175 4
0.034763 4
0.034026 4
0.033698 4
0.035032 4
0.035868 4
0.033747 4
0.033264 4
0.034350 4
0.035584 4
0.154973 4
0.165830 4
0.154768 4
0.347261 4
0.945139 1
0.232126 1
0.133493 1
0.461522 2
0.026977 116
1.422456 1
0.121557 1
0.159310 1
0.200629 1
0.214162 1
0.056894 1
0.181906 1
0.157336 1
0.553764 4
1.228818 1
0.181713 1
0.162511 1
0.093761 1
0.282093 1
0.227152 1
1.658064 1
0.569477 1
0.287854 1
0.315424 4
0.167803 4
0.141052 4
0.552847 1
0.530266 1
0.516402 1
0.155264 1
0.213307 1
0.073340 1
0.224859 1
0.204095 1
0.214741 1
0.136675 1
0.252627 1
0.135078 1
0.176479 1
0.094541 1
0.273388 1
0.103724 1
0.257939 1
0.131719 1
0.310153 1
0.081640 1
0.176554 1
0.167655 1
0.222987 1
0.122165 1
0.284152 1
0.364677 4
0.519513 4
0.033194 4
0.035225 4
0.034393 4
0.032574 4
0.139850 4
0.147833 4
0.147957 4
0.133687 4
0.148531 4
0.148765 1
0.160969 1
0.440190 1
0.148404 1
0.278841 1
0.219974 1
0.106118 1
0.181180 1
0.111643 1
0.381254 1
0.092912 1
0.211793 1
0.180029 1
0.078401 1
0.167669 1
0.177169 1
0.500054 1
0.265599 1
0.186564 1
0.082092 1
0.165063 1
0.104367 1
0.192968 1
0.104417 1
0.209595 1
0.512106 1
1.523190 2
0.038952 56
0.000845 182
0.001322 116
1.661613 1
0.131100 1
0.144998 1
0.103758 1
0.180454 1
0.186261 1
0.079206 1
0.121903 1
7.681167 4
0.519395 4
0.032860 4
0.036088 4
1.783465 4
0.332305 4
0.149503 4
0.166316 4
1.218397 1
0.262052 1
0.156486 1
0.220361 1
3.097717 8
