0.057091 116
1.420103 1
0.080435 1
0.133164 1
0.129780 1
1.194223 1
0.152371 1
1.124433 4
0.173584 4
0.247457 1
0.310252 1
0.173559 1
0.139173 1
0.611719 1
0.176703 1
0.201011 1
0.142582 1
0.189894 1
0.376168 4
0.168619 4
0.403328 1
0.138635 1
3.102289 2
0.033565 116
1.490080 1
0.189082 1
0.147072 1
0.126396 1
0.249908 1
0.109723 1
0.508168 2
0.313088 45
0.000093 71
0.000167 102
0.000149 36
0.017292 116
2.600839 1
0.120596 1
0.094565 1
0.122226 1
0.231516 1
0.124964 1
0.180264 1
0.087906 1
0.268910 1
0.118213 1
0.573589 2
0.013695 18
0.001822 75
0.000090 55
0.000387 180
0.001185 116
5.663856 1
0.253653 1
0.159528 1
0.155386 1
0.709028 8
